2 5 11 12 15 8 6 1 4 3 13 10 9 14 0 7 : 0
0 7 9 14 13 10 4 3 6 1 15 8 11 12 2 5 : 1
6 1 15 8 11 12 2 5 0 7 9 14 13 10 4 3 : 2
4 3 13 10 9 14 0 7 2 5 11 12 15 8 6 1 : 3
4 3 13 10 15 8 6 1 2 5 11 12 9 14 0 7 : 4
6 1 15 8 13 10 4 3 0 7 9 14 11 12 2 5 : 5
0 7 9 14 11 12 2 5 6 1 15 8 13 10 4 3 : 6
2 5 11 12 9 14 0 7 4 3 13 10 15 8 6 1 : 7
3 4 10 13 14 9 7 0 5 2 12 11 8 15 1 6 : 8
1 6 8 15 12 11 5 2 7 0 14 9 10 13 3 4 : 9
7 0 14 9 10 13 3 4 1 6 8 15 12 11 5 2 : 10
5 2 12 11 8 15 1 6 3 4 10 13 14 9 7 0 : 11
5 2 12 11 14 9 7 0 3 4 10 13 8 15 1 6 : 12
7 0 14 9 12 11 5 2 1 6 8 15 10 13 3 4 : 13
1 6 8 15 10 13 3 4 7 0 14 9 12 11 5 2 : 14
3 4 10 13 8 15 1 6 5 2 12 11 14 9 7 0 : 15
10 13 3 4 7 0 14 9 12 11 5 2 1 6 8 15 : 16
8 15 1 6 5 2 12 11 14 9 7 0 3 4 10 13 : 17
14 9 7 0 3 4 10 13 8 15 1 6 5 2 12 11 : 18
12 11 5 2 1 6 8 15 10 13 3 4 7 0 14 9 : 19
12 11 5 2 7 0 14 9 10 13 3 4 1 6 8 15 : 20
14 9 7 0 5 2 12 11 8 15 1 6 3 4 10 13 : 21
8 15 1 6 3 4 10 13 14 9 7 0 5 2 12 11 : 22
10 13 3 4 1 6 8 15 12 11 5 2 7 0 14 9 : 23
11 12 2 5 6 1 15 8 13 10 4 3 0 7 9 14 : 24
9 14 0 7 4 3 13 10 15 8 6 1 2 5 11 12 : 25
15 8 6 1 2 5 11 12 9 14 0 7 4 3 13 10 : 26
13 10 4 3 0 7 9 14 11 12 2 5 6 1 15 8 : 27
13 10 4 3 6 1 15 8 11 12 2 5 0 7 9 14 : 28
15 8 6 1 4 3 13 10 9 14 0 7 2 5 11 12 : 29
9 14 0 7 2 5 11 12 15 8 6 1 4 3 13 10 : 30
11 12 2 5 0 7 9 14 13 10 4 3 6 1 15 8 : 31
2 12 11 5 15 1 6 8 4 10 13 3 9 7 0 14 : 32
0 14 9 7 13 3 4 10 6 8 15 1 11 5 2 12 : 33
6 8 15 1 11 5 2 12 0 14 9 7 13 3 4 10 : 34
4 10 13 3 9 7 0 14 2 12 11 5 15 1 6 8 : 35
4 10 13 3 15 1 6 8 2 12 11 5 9 7 0 14 : 36
6 8 15 1 13 3 4 10 0 14 9 7 11 5 2 12 : 37
0 14 9 7 11 5 2 12 6 8 15 1 13 3 4 10 : 38
2 12 11 5 9 7 0 14 4 10 13 3 15 1 6 8 : 39
3 13 10 4 14 0 7 9 5 11 12 2 8 6 1 15 : 40
1 15 8 6 12 2 5 11 7 9 14 0 10 4 3 13 : 41
7 9 14 0 10 4 3 13 1 15 8 6 12 2 5 11 : 42
5 11 12 2 8 6 1 15 3 13 10 4 14 0 7 9 : 43
5 11 12 2 14 0 7 9 3 13 10 4 8 6 1 15 : 44
7 9 14 0 12 2 5 11 1 15 8 6 10 4 3 13 : 45
1 15 8 6 10 4 3 13 7 9 14 0 12 2 5 11 : 46
3 13 10 4 8 6 1 15 5 11 12 2 14 0 7 9 : 47
10 4 3 13 7 9 14 0 12 2 5 11 1 15 8 6 : 48
8 6 1 15 5 11 12 2 14 0 7 9 3 13 10 4 : 49
14 0 7 9 3 13 10 4 8 6 1 15 5 11 12 2 : 50
12 2 5 11 1 15 8 6 10 4 3 13 7 9 14 0 : 51
12 2 5 11 7 9 14 0 10 4 3 13 1 15 8 6 : 52
14 0 7 9 5 11 12 2 8 6 1 15 3 13 10 4 : 53
8 6 1 15 3 13 10 4 14 0 7 9 5 11 12 2 : 54
10 4 3 13 1 15 8 6 12 2 5 11 7 9 14 0 : 55
11 5 2 12 6 8 15 1 13 3 4 10 0 14 9 7 : 56
9 7 0 14 4 10 13 3 15 1 6 8 2 12 11 5 : 57
15 1 6 8 2 12 11 5 9 7 0 14 4 10 13 3 : 58
13 3 4 10 0 14 9 7 11 5 2 12 6 8 15 1 : 59
13 3 4 10 6 8 15 1 11 5 2 12 0 14 9 7 : 60
15 1 6 8 4 10 13 3 9 7 0 14 2 12 11 5 : 61
9 7 0 14 2 12 11 5 15 1 6 8 4 10 13 3 : 62
11 5 2 12 0 14 9 7 13 3 4 10 6 8 15 1 : 63
1 6 13 10 15 8 3 4 2 5 14 9 12 11 0 7 : 64
0 7 12 11 14 9 2 5 3 4 15 8 13 10 1 6 : 65
3 4 15 8 13 10 1 6 0 7 12 11 14 9 2 5 : 66
2 5 14 9 12 11 0 7 1 6 13 10 15 8 3 4 : 67
2 5 14 9 15 8 3 4 1 6 13 10 12 11 0 7 : 68
3 4 15 8 14 9 2 5 0 7 12 11 13 10 1 6 : 69
0 7 12 11 13 10 1 6 3 4 15 8 14 9 2 5 : 70
1 6 13 10 12 11 0 7 2 5 14 9 15 8 3 4 : 71
5 2 9 14 11 12 7 0 6 1 10 13 8 15 4 3 : 72
4 3 8 15 10 13 6 1 7 0 11 12 9 14 5 2 : 73
7 0 11 12 9 14 5 2 4 3 8 15 10 13 6 1 : 74
6 1 10 13 8 15 4 3 5 2 9 14 11 12 7 0 : 75
6 1 10 13 11 12 7 0 5 2 9 14 8 15 4 3 : 76
7 0 11 12 10 13 6 1 4 3 8 15 9 14 5 2 : 77
4 3 8 15 9 14 5 2 7 0 11 12 10 13 6 1 : 78
5 2 9 14 8 15 4 3 6 1 10 13 11 12 7 0 : 79
9 14 5 2 7 0 11 12 10 13 6 1 4 3 8 15 : 80
8 15 4 3 6 1 10 13 11 12 7 0 5 2 9 14 : 81
11 12 7 0 5 2 9 14 8 15 4 3 6 1 10 13 : 82
10 13 6 1 4 3 8 15 9 14 5 2 7 0 11 12 : 83
10 13 6 1 7 0 11 12 9 14 5 2 4 3 8 15 : 84
11 12 7 0 6 1 10 13 8 15 4 3 5 2 9 14 : 85
8 15 4 3 5 2 9 14 11 12 7 0 6 1 10 13 : 86
9 14 5 2 4 3 8 15 10 13 6 1 7 0 11 12 : 87
13 10 1 6 3 4 15 8 14 9 2 5 0 7 12 11 : 88
12 11 0 7 2 5 14 9 15 8 3 4 1 6 13 10 : 89
15 8 3 4 1 6 13 10 12 11 0 7 2 5 14 9 : 90
14 9 2 5 0 7 12 11 13 10 1 6 3 4 15 8 : 91
14 9 2 5 3 4 15 8 13 10 1 6 0 7 12 11 : 92
15 8 3 4 2 5 14 9 12 11 0 7 1 6 13 10 : 93
12 11 0 7 1 6 13 10 15 8 3 4 2 5 14 9 : 94
13 10 1 6 0 7 12 11 14 9 2 5 3 4 15 8 : 95
1 10 13 6 15 4 3 8 2 9 14 5 12 7 0 11 : 96
0 11 12 7 14 5 2 9 3 8 15 4 13 6 1 10 : 97
3 8 15 4 13 6 1 10 0 11 12 7 14 5 2 9 : 98
2 9 14 5 12 7 0 11 1 10 13 6 15 4 3 8 : 99
2 9 14 5 15 4 3 8 1 10 13 6 12 7 0 11 : 100
3 8 15 4 14 5 2 9 0 11 12 7 13 6 1 10 : 101
0 11 12 7 13 6 1 10 3 8 15 4 14 5 2 9 : 102
1 10 13 6 12 7 0 11 2 9 14 5 15 4 3 8 : 103
5 14 9 2 11 0 7 12 6 13 10 1 8 3 4 15 : 104
4 15 8 3 10 1 6 13 7 12 11 0 9 2 5 14 : 105
7 12 11 0 9 2 5 14 4 15 8 3 10 1 6 13 : 106
6 13 10 1 8 3 4 15 5 14 9 2 11 0 7 12 : 107
6 13 10 1 11 0 7 12 5 14 9 2 8 3 4 15 : 108
7 12 11 0 10 1 6 13 4 15 8 3 9 2 5 14 : 109
4 15 8 3 9 2 5 14 7 12 11 0 10 1 6 13 : 110
5 14 9 2 8 3 4 15 6 13 10 1 11 0 7 12 : 111
9 2 5 14 7 12 11 0 10 1 6 13 4 15 8 3 : 112
8 3 4 15 6 13 10 1 11 0 7 12 5 14 9 2 : 113
11 0 7 12 5 14 9 2 8 3 4 15 6 13 10 1 : 114
10 1 6 13 4 15 8 3 9 2 5 14 7 12 11 0 : 115
10 1 6 13 7 12 11 0 9 2 5 14 4 15 8 3 : 116
11 0 7 12 6 13 10 1 8 3 4 15 5 14 9 2 : 117
8 3 4 15 5 14 9 2 11 0 7 12 6 13 10 1 : 118
9 2 5 14 4 15 8 3 10 1 6 13 7 12 11 0 : 119
13 6 1 10 3 8 15 4 14 5 2 9 0 11 12 7 : 120
12 7 0 11 2 9 14 5 15 4 3 8 1 10 13 6 : 121
15 4 3 8 1 10 13 6 12 7 0 11 2 9 14 5 : 122
14 5 2 9 0 11 12 7 13 6 1 10 3 8 15 4 : 123
14 5 2 9 3 8 15 4 13 6 1 10 0 11 12 7 : 124
15 4 3 8 2 9 14 5 12 7 0 11 1 10 13 6 : 125
12 7 0 11 1 10 13 6 15 4 3 8 2 9 14 5 : 126
13 6 1 10 0 11 12 7 14 5 2 9 3 8 15 4 : 127
1 6 11 12 15 8 5 2 4 3 14 9 10 13 0 7 : 128
0 7 10 13 14 9 4 3 5 2 15 8 11 12 1 6 : 129
5 2 15 8 11 12 1 6 0 7 10 13 14 9 4 3 : 130
4 3 14 9 10 13 0 7 1 6 11 12 15 8 5 2 : 131
4 3 14 9 15 8 5 2 1 6 11 12 10 13 0 7 : 132
5 2 15 8 14 9 4 3 0 7 10 13 11 12 1 6 : 133
0 7 10 13 11 12 1 6 5 2 15 8 14 9 4 3 : 134
1 6 11 12 10 13 0 7 4 3 14 9 15 8 5 2 : 135
3 4 9 14 13 10 7 0 6 1 12 11 8 15 2 5 : 136
2 5 8 15 12 11 6 1 7 0 13 10 9 14 3 4 : 137
7 0 13 10 9 14 3 4 2 5 8 15 12 11 6 1 : 138
6 1 12 11 8 15 2 5 3 4 9 14 13 10 7 0 : 139
6 1 12 11 13 10 7 0 3 4 9 14 8 15 2 5 : 140
7 0 13 10 12 11 6 1 2 5 8 15 9 14 3 4 : 141
2 5 8 15 9 14 3 4 7 0 13 10 12 11 6 1 : 142
3 4 9 14 8 15 2 5 6 1 12 11 13 10 7 0 : 143
9 14 3 4 7 0 13 10 12 11 6 1 2 5 8 15 : 144
8 15 2 5 6 1 12 11 13 10 7 0 3 4 9 14 : 145
13 10 7 0 3 4 9 14 8 15 2 5 6 1 12 11 : 146
12 11 6 1 2 5 8 15 9 14 3 4 7 0 13 10 : 147
12 11 6 1 7 0 13 10 9 14 3 4 2 5 8 15 : 148
13 10 7 0 6 1 12 11 8 15 2 5 3 4 9 14 : 149
8 15 2 5 3 4 9 14 13 10 7 0 6 1 12 11 : 150
9 14 3 4 2 5 8 15 12 11 6 1 7 0 13 10 : 151
11 12 1 6 5 2 15 8 14 9 4 3 0 7 10 13 : 152
10 13 0 7 4 3 14 9 15 8 5 2 1 6 11 12 : 153
15 8 5 2 1 6 11 12 10 13 0 7 4 3 14 9 : 154
14 9 4 3 0 7 10 13 11 12 1 6 5 2 15 8 : 155
14 9 4 3 5 2 15 8 11 12 1 6 0 7 10 13 : 156
15 8 5 2 4 3 14 9 10 13 0 7 1 6 11 12 : 157
10 13 0 7 1 6 11 12 15 8 5 2 4 3 14 9 : 158
11 12 1 6 0 7 10 13 14 9 4 3 5 2 15 8 : 159
1 12 11 6 15 2 5 8 4 9 14 3 10 7 0 13 : 160
0 13 10 7 14 3 4 9 5 8 15 2 11 6 1 12 : 161
5 8 15 2 11 6 1 12 0 13 10 7 14 3 4 9 : 162
4 9 14 3 10 7 0 13 1 12 11 6 15 2 5 8 : 163
4 9 14 3 15 2 5 8 1 12 11 6 10 7 0 13 : 164
5 8 15 2 14 3 4 9 0 13 10 7 11 6 1 12 : 165
0 13 10 7 11 6 1 12 5 8 15 2 14 3 4 9 : 166
1 12 11 6 10 7 0 13 4 9 14 3 15 2 5 8 : 167
3 14 9 4 13 0 7 10 6 11 12 1 8 5 2 15 : 168
2 15 8 5 12 1 6 11 7 10 13 0 9 4 3 14 : 169
7 10 13 0 9 4 3 14 2 15 8 5 12 1 6 11 : 170
6 11 12 1 8 5 2 15 3 14 9 4 13 0 7 10 : 171
6 11 12 1 13 0 7 10 3 14 9 4 8 5 2 15 : 172
7 10 13 0 12 1 6 11 2 15 8 5 9 4 3 14 : 173
2 15 8 5 9 4 3 14 7 10 13 0 12 1 6 11 : 174
3 14 9 4 8 5 2 15 6 11 12 1 13 0 7 10 : 175
9 4 3 14 7 10 13 0 12 1 6 11 2 15 8 5 : 176
8 5 2 15 6 11 12 1 13 0 7 10 3 14 9 4 : 177
13 0 7 10 3 14 9 4 8 5 2 15 6 11 12 1 : 178
12 1 6 11 2 15 8 5 9 4 3 14 7 10 13 0 : 179
12 1 6 11 7 10 13 0 9 4 3 14 2 15 8 5 : 180
13 0 7 10 6 11 12 1 8 5 2 15 3 14 9 4 : 181
8 5 2 15 3 14 9 4 13 0 7 10 6 11 12 1 : 182
9 4 3 14 2 15 8 5 12 1 6 11 7 10 13 0 : 183
11 6 1 12 5 8 15 2 14 3 4 9 0 13 10 7 : 184
10 7 0 13 4 9 14 3 15 2 5 8 1 12 11 6 : 185
15 2 5 8 1 12 11 6 10 7 0 13 4 9 14 3 : 186
14 3 4 9 0 13 10 7 11 6 1 12 5 8 15 2 : 187
14 3 4 9 5 8 15 2 11 6 1 12 0 13 10 7 : 188
15 2 5 8 4 9 14 3 10 7 0 13 1 12 11 6 : 189
10 7 0 13 1 12 11 6 15 2 5 8 4 9 14 3 : 190
11 6 1 12 0 13 10 7 14 3 4 9 5 8 15 2 : 191
8 5 14 3 15 2 9 4 1 12 7 10 6 11 0 13 : 192
0 13 6 11 7 10 1 12 9 4 15 2 14 3 8 5 : 193
9 4 15 2 14 3 8 5 0 13 6 11 7 10 1 12 : 194
1 12 7 10 6 11 0 13 8 5 14 3 15 2 9 4 : 195
1 12 7 10 15 2 9 4 8 5 14 3 6 11 0 13 : 196
9 4 15 2 7 10 1 12 0 13 6 11 14 3 8 5 : 197
0 13 6 11 14 3 8 5 9 4 15 2 7 10 1 12 : 198
8 5 14 3 6 11 0 13 1 12 7 10 15 2 9 4 : 199
12 1 10 7 11 6 13 0 5 8 3 14 2 15 4 9 : 200
4 9 2 15 3 14 5 8 13 0 11 6 10 7 12 1 : 201
13 0 11 6 10 7 12 1 4 9 2 15 3 14 5 8 : 202
5 8 3 14 2 15 4 9 12 1 10 7 11 6 13 0 : 203
5 8 3 14 11 6 13 0 12 1 10 7 2 15 4 9 : 204
13 0 11 6 3 14 5 8 4 9 2 15 10 7 12 1 : 205
4 9 2 15 10 7 12 1 13 0 11 6 3 14 5 8 : 206
12 1 10 7 2 15 4 9 5 8 3 14 11 6 13 0 : 207
10 7 12 1 13 0 11 6 3 14 5 8 4 9 2 15 : 208
2 15 4 9 5 8 3 14 11 6 13 0 12 1 10 7 : 209
11 6 13 0 12 1 10 7 2 15 4 9 5 8 3 14 : 210
3 14 5 8 4 9 2 15 10 7 12 1 13 0 11 6 : 211
3 14 5 8 13 0 11 6 10 7 12 1 4 9 2 15 : 212
11 6 13 0 5 8 3 14 2 15 4 9 12 1 10 7 : 213
2 15 4 9 12 1 10 7 11 6 13 0 5 8 3 14 : 214
10 7 12 1 4 9 2 15 3 14 5 8 13 0 11 6 : 215
14 3 8 5 9 4 15 2 7 10 1 12 0 13 6 11 : 216
6 11 0 13 1 12 7 10 15 2 9 4 8 5 14 3 : 217
15 2 9 4 8 5 14 3 6 11 0 13 1 12 7 10 : 218
7 10 1 12 0 13 6 11 14 3 8 5 9 4 15 2 : 219
7 10 1 12 9 4 15 2 14 3 8 5 0 13 6 11 : 220
15 2 9 4 1 12 7 10 6 11 0 13 8 5 14 3 : 221
6 11 0 13 8 5 14 3 15 2 9 4 1 12 7 10 : 222
14 3 8 5 0 13 6 11 7 10 1 12 9 4 15 2 : 223
8 3 14 5 15 4 9 2 1 10 7 12 6 13 0 11 : 224
0 11 6 13 7 12 1 10 9 2 15 4 14 5 8 3 : 225
9 2 15 4 14 5 8 3 0 11 6 13 7 12 1 10 : 226
1 10 7 12 6 13 0 11 8 3 14 5 15 4 9 2 : 227
1 10 7 12 15 4 9 2 8 3 14 5 6 13 0 11 : 228
9 2 15 4 7 12 1 10 0 11 6 13 14 5 8 3 : 229
0 11 6 13 14 5 8 3 9 2 15 4 7 12 1 10 : 230
8 3 14 5 6 13 0 11 1 10 7 12 15 4 9 2 : 231
12 7 10 1 11 0 13 6 5 14 3 8 2 9 4 15 : 232
4 15 2 9 3 8 5 14 13 6 11 0 10 1 12 7 : 233
13 6 11 0 10 1 12 7 4 15 2 9 3 8 5 14 : 234
5 14 3 8 2 9 4 15 12 7 10 1 11 0 13 6 : 235
5 14 3 8 11 0 13 6 12 7 10 1 2 9 4 15 : 236
13 6 11 0 3 8 5 14 4 15 2 9 10 1 12 7 : 237
4 15 2 9 10 1 12 7 13 6 11 0 3 8 5 14 : 238
12 7 10 1 2 9 4 15 5 14 3 8 11 0 13 6 : 239
10 1 12 7 13 6 11 0 3 8 5 14 4 15 2 9 : 240
2 9 4 15 5 14 3 8 11 0 13 6 12 7 10 1 : 241
11 0 13 6 12 7 10 1 2 9 4 15 5 14 3 8 : 242
3 8 5 14 4 15 2 9 10 1 12 7 13 6 11 0 : 243
3 8 5 14 13 6 11 0 10 1 12 7 4 15 2 9 : 244
11 0 13 6 5 14 3 8 2 9 4 15 12 7 10 1 : 245
2 9 4 15 12 7 10 1 11 0 13 6 5 14 3 8 : 246
10 1 12 7 4 15 2 9 3 8 5 14 13 6 11 0 : 247
14 5 8 3 9 2 15 4 7 12 1 10 0 11 6 13 : 248
6 13 0 11 1 10 7 12 15 4 9 2 8 3 14 5 : 249
15 4 9 2 8 3 14 5 6 13 0 11 1 10 7 12 : 250
7 12 1 10 0 11 6 13 14 5 8 3 9 2 15 4 : 251
7 12 1 10 9 2 15 4 14 5 8 3 0 11 6 13 : 252
15 4 9 2 1 10 7 12 6 13 0 11 8 3 14 5 : 253
6 13 0 11 8 3 14 5 15 4 9 2 1 10 7 12 : 254
14 5 8 3 0 11 6 13 7 12 1 10 9 2 15 4 : 255